$ANSIBLE_VAULT;1.1;AES256
37613832393135646130393939313362636164643761613435643965623666373930616439316633
3963643531663266353237393235343834383932616262300a393235646665653462306532313263
37633135636436666537303836633333376165383634336532356230613564656330303831623564
6566316435663739330a353566373665626635346438366366376237336138633330636564303566
36303864643839613733623030356165643438326631326331376339666238303930306661323364
65393363303532356336666139386237356631353631376635313062326530623263633230616632
64376665346262303839386438376562633336393530653235396132626535393264386632646432
39626536383131613362613863333266646335326234653265633234356433363664336263343633
37316166383434363364636532613130373664633232386333393264613230383831336435653032
30363762653634323531616134333864643739363438313565376534373131386131333436313262
33333535376363333631643364623536363036323335623932366663386666323935343036393135
61653833396562363131393266336261613335343536633434643032633532373333613434653132
6661
